n=3 
max: 0.507807048336701
test: 0.27664316369737085

{'ROUGE-1': 1.0, 'ROUGE-2': 0.686046511627907, 'ROUGE-L': 1.0}
{'ROUGE-1': 0.6348792231249258, 'ROUGE-2': 0.37127294540085237, 'ROUGE-L': 0.6348792231249258}
